Webots Project File version R2023b
perspectives: 000000ff00000000fd0000000300000000000001ca0000039ffc0200000001fb00000012005300630065006e0065005400720065006501000000000000039f000000000000000000000001000002ce000002dffc0200000001fb0000001400540065007800740045006400690074006f00720000000000000002df0000004500ffffff00000003000006c0000000dafc0100000002fb0000000e0043006f006e0073006f006c006501000001d0000005b00000000000000000fb0000001a0043006f006e0073006f006c00650041006c006c0041006c006c0100000000000006c00000008700ffffff000006c0000002df00000004000000040000000100000008fc00000000
simulationViewPerspectives: 000000ff0000000100000002000001cb000004f30100000002010000000101
sceneTreePerspectives: 000000ff00000001000000030000001e000000c0000000fa0100000002010000000201
maximizedDockId: -1
centralWidgetVisible: 1
orthographicViewHeight: 1
textFiles: -1
consoles: Console:All:All
renderingDevicePerspectives: Sojourner:kinect color;1;0.553125;0;0
renderingDevicePerspectives: Sojourner:kinect range;1;0.445899;0.191689;0.00296296
